818 992
72
342 332 341 334 341 335 340 336 340 337 338 338 338 340 337 341 337 342 336 343 335 345 335 346 334 347 332 348 332 350 331 351 330 352 329 353 327 354 326 356 325 357 324 358 323 359 321 361 320 361 319 362 318 363 316 363 315 364 314 366 313 366 311 367 310 367 309 368 308 368 307 369 305 369 304 369 303 370 302 370 300 370 299 372 298 372 297 372 296 372 294 373 293 373 292 373 291 373 289 373 288 374 287 374 286 374 284 374 283 374 282 374 281 374 280 374 278 374 277 374 276 374 275 374 273 374 272 374 271 374 270 374 268 374 267 374 266 373 265 373 264 373 262 373 
261 373 260 374 259 374 257 374 256 374 255 374 254 374 253 374 251 374 250 374 249 374 248 374 246 374 245 374 244 374 243 374 241 375 240 375 239 375 238 375 237 375 235 375 234 375 233 375 232 375 230 377 229 377 228 377 227 377 225 377 224 377 223 377 222 378 221 378 219 378 218 378 217 378 216 378 214 379 213 379 212 379 211 379 210 379 208 380 207 380 206 380 205 380 203 380 202 380 201 380 200 381 198 381 197 381 196 381 195 381 194 381 192 383 191 383 190 383 189 383 187 383 186 383 185 384 184 384 183 384 181 384 180 384 179 384 178 385 176 385 175 385 174 385 173 385 171 385 170 385 169 385 168 385 167 386 165 386 164 386 163 386 162 386 160 386 159 386 158 386 157 386 155 386 154 388 153 388 152 388 151 388 149 388 148 388 147 388 146 388 144 388 143 388 142 388 141 388 140 388 138 388 137 388 136 388 135 388 133 388 132 388 131 388 130 388 128 388 127 388 126 388 125 388 124 388 122 388 121 388 120 388 119 388 117 388 116 388 115 388 114 386 112 386 111 386 110 386 109 386 108 386 106 386 105 385 104 385 103 385 101 385 100 385 99 384 98 384 97 384 95 384 94 383 93 383 92 383 90 381 89 381 88 381 87 380 85 380 84 379 83 379 82 379 81 378 80 378 79 377 78 377 77 375 75 374 74 374 73 373 72 372 71 372 69 370 68 369 67 369 66 368 64 367 63 366 62 364 61 363 59 362 58 362 
211 741 210 743 208 743 207 743 206 743 205 743 203 743 202 743 201 741 200 741 198 743 197 743 196 743 195 743 194 743 192 743 191 743 190 743 189 743 187 741 186 741 185 741 184 741 183 741 181 741 180 741 179 741 178 741 176 740 175 740 174 740 173 740 171 740 170 740 169 739 168 739 167 739 165 739 164 738 163 738 162 738 160 738 159 738 158 738 157 738 155 736 154 736 153 736 152 736 151 736 149 736 148 736 147 736 146 736 144 736 143 736 142 736 141 736 140 736 138 736 137 736 136 736 135 736 133 736 132 736 131 736 130 736 128 736 127 736 126 736 125 736 124 736 122 736 121 736 120 736 119 736 117 736 116 736 115 738 114 738 112 738 111 738 110 738 109 738 108 739 106 739 105 739 104 739 103 739 101 740 100 740 99 740 98 740 97 741 95 741 94 741 93 741 92 743 90 743 89 743 88 744 87 744 85 744 84 745 83 745 82 745 81 746 80 746 79 747 78 747 77 749 75 749 74 750 73 750 72 751 71 751 69 752 68 752 67 754 66 755 64 755 63 756 62 757 61 757 59 759 58 760 57 761 56 762 55 762 53 763 52 765 51 766 50 767 48 768 48 770 47 771 46 772 45 773 45 775 43 776 42 777 42 778 41 779 40 781 40 782 39 783 39 784 37 786 37 787 36 788 36 789 36 790 35 792 35 793 34 794 34 795 34 797 32 798 32 799 32 800 32 802 31 803 31 804 31 805 31 806 30 808 30 809 30 810 30 811 30 813 29 814 29 815 29 816 29 817 29 819 
341 238 341 237 340 235 340 234 338 233 338 232 337 230 337 229 336 228 335 227 335 225 334 224 332 223 331 222 331 221 330 219 329 218 327 217 326 216 325 214 324 213 323 213 321 212 320 211 319 210 318 210 316 208 315 207 314 207 313 206 311 206 310 205 309 205 308 203 307 203 305 202 304 202 303 202 302 201 300 201 299 201 298 200 297 200 296 200 294 200 293 200 292 198 291 198 289 198 288 198 287 198 286 198 284 198 283 197 282 197 281 197 280 197 278 197 277 197 276 197 275 197 273 197 272 197 271 197 270 198 268 198 267 198 266 198 265 198 264 198 262 198 261 200 
260 200 259 201 257 202 256 202 255 202 254 203 253 203 251 205 250 205 249 206 248 207 246 208 245 208 244 210 243 211 241 212 240 213 239 214 238 216 237 217 235 218 235 219 234 221 233 222 232 223 232 224 230 225 229 227 229 228 228 229 228 230 227 232 227 233 225 234 225 235 224 237 224 238 223 239 223 240 222 241 222 243 222 244 221 245 221 246 221 248 219 249 219 250 219 251 218 253 218 254 218 255 218 256 217 257 217 259 217 260 217 261 217 262 216 264 216 265 216 266 216 267 216 268 216 270 214 271 214 272 214 273 214 275 214 276 214 277 214 278 214 280 213 281 213 282 213 283 213 284 213 286 213 287 213 288 213 289 213 291 214 292 214 293 214 294 214 296 214 297 214 298 214 299 214 300 214 302 216 303 216 304 216 305 216 307 216 308 217 309 217 310 217 311 217 313 217 314 218 315 218 316 218 318 218 319 219 320 219 321 219 323 221 324 221 325 221 326 222 327 222 329 222 330 223 331 223 332 224 334 224 335 224 336 225 337 225 338 227 340 228 341 228 342 229 343 229 345 230 346 232 347 232 348 233 350 234 351 235 352 235 353 237 354 238 356 239 357 240 358 241 359 243 361 244 362 245 363 246 364 248 364 249 366 250 367 251 367 253 368 254 368 255 369 256 369 257 370 259 370 
197 307 196 307 195 308 194 308 192 308 191 308 190 308 189 308 187 308 186 308 185 308 184 309 183 309 181 309 180 309 179 309 178 308 176 308 175 307 174 307 
196 273 195 273 194 273 192 275 191 275 190 275 189 275 187 275 186 273 185 273 184 273 183 273 181 273 180 273 179 273 178 273 176 273 175 273 174 273 
703 783 703 782 702 781 702 779 702 778 701 777 701 776 701 775 700 773 700 772 700 771 698 770 698 768 697 767 697 766 696 765 696 763 695 762 695 761 693 760 693 759 692 757 692 756 691 755 691 754 690 752 690 751 689 750 687 749 687 747 686 746 686 745 685 744 685 743 684 741 682 740 682 739 681 738 680 736 680 735 679 734 677 733 676 732 676 730 675 729 674 728 673 727 671 725 671 724 670 723 669 722 668 720 666 719 665 718 664 717 663 716 662 716 660 714 659 713 658 712 657 711 655 711 654 709 653 708 652 708 650 707 649 706 648 706 647 705 646 705 644 703 643 703 642 702 641 702 639 701 638 701 637 700 636 700 634 698 633 698 632 698 631 697 630 697 628 697 627 696 626 696 625 696 
623 695 622 695 621 695 620 695 619 693 617 693 
616 692 615 692 614 692 612 692 611 692 610 691 609 691 607 691 606 691 605 691 604 691 603 690 601 690 600 690 599 690 598 690 596 690 595 690 594 689 593 689 592 689 590 689 589 689 588 689 587 689 585 689 584 687 583 687 582 687 580 687 579 687 578 687 577 687 576 687 574 687 573 687 572 687 571 687 569 687 568 687 567 687 566 687 564 687 563 687 562 687 561 687 560 687 558 687 557 687 556 687 555 689 553 689 552 689 551 689 550 689 549 689 547 689 546 689 545 689 544 689 542 690 541 690 540 690 539 690 537 690 536 690 535 690 534 691 533 691 531 691 530 691 529 691 528 691 526 691 525 692 524 692 523 692 521 692 520 692 519 692 518 693 517 693 515 693 514 693 513 693 512 695 510 695 509 695 508 695 507 695 506 696 504 696 503 696 502 696 501 696 499 697 498 697 497 697 496 697 494 698 493 698 492 698 491 698 490 700 488 700 487 700 486 700 485 701 483 701 482 701 481 701 480 702 479 702 477 702 476 703 475 703 474 703 472 703 471 705 470 705 469 705 467 706 466 706 465 706 464 707 463 707 461 707 460 708 459 708 458 708 456 709 455 709 454 711 453 711 451 711 450 712 449 712 448 713 447 713 445 714 444 714 443 714 442 716 440 716 439 717 438 717 437 718 436 718 434 719 433 719 432 720 431 720 429 722 428 722 427 723 426 723 424 724 423 724 422 725 421 725 420 727 418 727 417 728 416 728 415 729 413 730 412 730 411 732 410 732 408 733 407 734 406 734 405 735 404 735 402 736 401 738 400 738 399 739 397 740 396 740 395 741 394 743 393 743 391 744 390 745 389 746 388 746 386 747 385 749 384 750 383 750 381 751 380 752 379 754 378 754 377 755 375 756 374 757 373 759 372 760 370 761 
350 779 348 778 348 777 348 776 348 775 348 773 348 772 348 771 347 770 347 768 347 767 347 766 347 765 346 763 346 762 346 761 346 760 345 759 345 757 345 756 345 755 343 754 343 752 343 751 342 750 342 749 341 747 341 746 341 745 340 744 340 743 338 741 338 740 337 739 337 738 336 736 336 735 335 734 335 733 334 732 332 730 331 729 331 728 330 727 329 725 327 724 326 723 326 722 325 720 324 719 323 719 321 718 320 717 319 716 318 714 316 714 315 713 314 712 313 712 311 711 310 709 309 709 308 708 307 708 305 707 304 707 303 706 302 705 300 705 299 703 298 703 297 702 296 702 294 702 293 701 292 701 291 700 289 700 288 698 287 698 286 698 284 697 283 697 282 697 281 697 280 696 278 696 277 696 276 696 275 696 273 695 272 695 271 695 270 695 268 695 267 695 266 695 
555 1 553 1 552 2 551 2 550 2 549 3 547 3 546 3 545 4 544 4 542 6 541 7 540 7 539 8 537 9 536 11 535 11 534 12 533 13 531 14 530 15 530 17 529 18 528 19 526 20 526 22 525 23 525 24 524 25 524 27 523 28 523 29 523 30 521 31 521 33 521 34 520 35 520 36 520 38 
520 534 520 535 520 536 521 537 521 539 521 540 521 541 523 542 523 544 524 545 524 546 525 547 525 549 526 550 526 551 528 552 529 553 530 555 530 556 531 557 533 558 534 560 535 561 536 562 537 562 539 563 540 564 541 564 542 566 544 567 545 567 546 568 547 568 549 569 550 569 551 569 552 571 553 571 555 571 556 571 557 572 558 572 560 572 561 572 562 572 563 572 564 572 566 572 567 572 568 572 569 572 571 572 572 572 573 572 574 572 576 571 577 571 578 571 579 571 580 569 582 569 583 568 584 568 585 568 587 567 588 567 589 566 590 564 592 564 593 563 594 562 595 562 596 561 598 560 599 558 600 557 601 556 601 555 603 553 604 552 604 551 605 550 606 549 606 547 607 546 607 545 609 544 609 542 609 541 610 540 610 539 610 537 611 536 611 535 611 534 611 533 611 531 611 530 611 529 612 528 612 526 612 525 611 524 611 523 611 521 611 520 611 519 611 518 611 517 610 515 610 514 610 513 610 512 609 510 609 509 607 508 607 507 607 506 606 504 605 503 605 502 604 501 603 499 603 498 601 497 600 496 599 494 598 493 596 492 595 491 594 490 593 488 592 488 590 487 589 486 588 486 587 485 585 485 584 483 583 483 582 483 580 482 579 482 578 482 577 481 576 481 574 481 573 481 572 480 571 480 569 480 568 480 567 480 566 480 564 480 563 480 562 480 561 480 
577 1 578 2 579 2 580 2 582 2 583 3 584 3 585 4 587 4 588 6 589 6 590 7 592 7 593 8 594 9 595 11 596 12 598 12 599 13 599 14 600 15 601 17 603 18 604 19 604 20 605 22 606 23 606 24 607 25 607 27 609 28 609 29 609 30 610 31 610 33 610 34 611 35 611 36 611 38 611 39 611 40 611 41 611 42 612 44 612 45 612 46 611 47 611 49 611 50 611 51 611 52 611 54 611 55 611 56 610 57 610 58 610 60 609 61 609 62 607 63 607 65 607 66 606 67 606 68 605 70 604 71 604 72 603 73 601 74 600 76 599 77 598 78 596 79 595 81 594 82 593 83 592 84 590 84 589 85 588 85 587 87 585 87 584 88 583 88 582 89 580 89 579 89 578 90 577 90 576 90 574 90 573 90 572 92 571 92 569 92 568 92 567 92 566 92 564 92 563 92 562 92 561 92 
560 90 558 89 558 88 557 87 556 85 555 84 555 83 553 82 552 81 551 79 550 78 550 77 549 76 547 74 546 73 546 72 545 71 544 70 542 68 542 67 541 66 540 65 539 63 539 62 537 61 536 60 535 58 535 57 534 56 533 55 531 54 531 52 530 51 529 50 528 49 528 47 526 46 525 45 524 44 524 42 523 41 521 40 520 39 
196 298 195 298 194 298 192 298 191 298 190 298 189 298 187 298 186 298 185 298 184 298 183 298 181 298 180 298 179 298 178 298 176 298 175 298 174 299 173 299 173 300 171 302 171 303 171 304 173 305 
239 700 238 701 237 702 235 702 234 703 233 705 232 706 230 707 229 708 228 709 227 711 227 712 225 713 224 714 223 716 223 717 222 718 222 719 221 720 221 722 219 723 219 724 218 725 218 727 217 728 217 729 216 730 216 732 216 733 214 734 214 735 214 736 213 738 213 739 213 740 
668 428 666 428 665 429 664 429 663 431 662 432 660 432 659 433 658 434 657 434 655 436 654 436 653 436 652 437 650 437 649 437 648 438 647 438 646 438 644 439 643 439 642 439 641 439 639 439 638 440 637 440 636 440 634 440 633 440 632 440 631 440 630 440 628 440 627 440 626 440 625 442 623 442 622 442 621 442 620 442 619 442 617 442 616 442 615 442 614 442 612 440 611 440 610 440 609 440 607 440 606 440 605 440 604 440 603 440 601 440 600 440 599 440 598 440 596 440 595 440 594 440 593 439 592 439 590 439 589 439 588 439 587 439 585 439 584 439 583 438 582 438 580 438 579 438 578 438 577 438 576 437 574 437 573 437 572 437 571 437 569 437 568 436 567 436 566 436 564 436 563 436 562 436 561 436 560 434 558 434 557 434 556 434 555 434 553 434 552 433 551 433 550 433 549 433 547 432 546 432 545 432 544 432 542 432 541 431 540 431 539 431 537 431 536 431 535 429 534 429 533 429 531 429 530 429 529 428 528 428 526 428 525 428 524 427 523 427 521 427 520 426 519 426 518 426 517 426 515 426 514 424 513 424 512 424 510 424 509 423 508 423 507 423 506 422 504 422 503 422 502 421 501 421 499 421 
498 421 497 420 496 420 494 420 493 418 492 418 
491 418 490 418 488 418 487 417 486 417 485 416 483 416 482 416 481 415 480 415 479 415 477 413 476 413 475 413 474 412 472 412 471 412 470 411 469 411 467 411 466 410 465 410 464 410 463 408 461 408 460 407 459 407 458 407 456 406 455 406 454 405 453 405 451 405 450 404 449 404 448 402 447 402 445 402 444 401 443 401 442 400 440 400 439 400 438 399 437 399 436 397 434 397 433 396 432 396 431 395 429 395 428 395 427 394 426 394 424 393 423 393 422 391 421 391 420 390 418 390 417 389 416 389 415 388 413 388 412 386 411 386 410 385 408 385 407 384 406 383 405 383 404 381 402 381 401 380 400 380 399 379 397 378 396 378 395 377 394 377 393 375 391 374 390 374 389 373 388 373 
560 92 558 93 557 94 556 95 555 97 553 98 552 99 551 99 550 100 549 101 547 103 546 104 545 105 544 106 542 108 541 109 540 110 539 110 537 111 536 112 535 114 534 115 533 116 531 117 530 119 529 119 528 120 526 121 525 122 524 124 523 125 521 126 520 127 519 127 518 128 517 130 515 131 514 132 513 133 512 133 510 135 509 136 508 137 507 138 506 140 504 141 503 141 502 142 501 143 499 144 498 146 497 147 496 147 494 148 493 149 492 151 491 152 
539 787 540 788 541 789 542 790 544 792 544 793 545 794 546 795 546 797 547 798 547 799 547 800 549 802 549 803 549 804 549 805 550 806 550 808 550 809 550 810 550 811 550 813 551 814 551 815 551 816 551 817 551 819 551 820 551 821 551 822 551 824 551 825 551 826 551 827 551 829 551 830 551 831 550 832 550 833 550 835 550 836 550 837 549 838 549 840 549 841 549 842 547 843 547 845 547 846 546 847 546 848 545 849 545 851 544 852 544 853 542 854 542 856 541 857 540 858 
29 837 28 837 26 837 25 837 24 837 23 837 21 837 20 836 19 836 18 836 16 836 15 836 14 836 13 835 12 835 10 835 9 835 8 833 7 833 5 832 4 832 3 831 2 831 
596 951 595 951 594 951 593 951 592 951 590 951 589 951 588 951 587 951 585 951 584 951 583 951 582 951 580 951 579 951 578 951 577 951 576 950 574 950 573 950 572 950 571 950 569 950 568 950 567 950 566 950 564 949 563 949 562 949 561 949 560 949 558 949 557 949 556 948 555 948 553 948 552 948 551 948 550 946 549 946 547 946 546 946 545 946 544 945 542 945 541 945 540 945 539 944 537 944 536 944 535 944 534 943 533 943 531 943 530 943 529 942 528 942 526 942 525 942 524 940 523 940 521 940 520 939 519 939 518 939 517 939 515 938 514 938 513 938 512 938 510 937 509 937 508 937 507 935 506 935 504 935 503 935 502 934 501 934 499 934 498 933 497 933 496 933 494 933 493 932 492 932 491 932 490 930 488 930 487 930 486 930 485 929 483 929 482 929 481 928 480 928 479 928 477 928 476 927 475 927 474 927 472 927 471 926 470 926 469 926 467 924 466 924 465 924 464 924 463 923 461 923 460 923 459 923 458 923 456 922 455 922 454 922 453 922 451 922 450 921 449 921 448 921 447 921 445 919 444 919 443 919 442 919 440 919 439 918 438 918 437 918 436 918 434 918 433 917 432 917 431 917 429 917 428 916 427 916 426 916 424 916 423 915 422 915 421 915 420 915 418 913 417 913 416 913 415 912 413 912 412 912 411 912 410 911 408 911 407 910 406 910 405 910 404 908 402 908 401 908 400 907 399 907 397 907 396 906 395 906 394 905 393 905 391 903 390 903 389 903 388 902 386 902 385 901 384 900 383 900 381 899 380 899 379 897 378 897 377 896 375 895 374 895 373 894 372 894 370 892 369 891 368 890 367 890 366 889 364 888 363 888 362 886 361 885 359 884 358 883 357 881 356 880 354 879 353 879 352 878 351 876 350 875 350 874 348 873 347 872 346 870 345 869 343 868 342 867 
34 254 34 255 34 256 32 257 32 259 32 260 32 261 32 262 31 264 31 265 31 266 31 267 31 268 31 270 30 271 30 272 30 273 30 275 30 276 30 277 30 278 30 280 29 281 29 282 29 283 29 284 29 286 29 287 29 288 29 289 29 291 30 292 30 293 30 294 30 296 30 297 30 298 30 299 30 300 31 302 31 303 31 304 31 305 31 307 31 308 32 309 32 310 32 311 32 313 32 314 34 315 34 316 34 318 34 319 
669 144 668 144 666 143 665 142 664 142 663 141 662 140 660 140 659 138 658 138 657 137 655 137 654 136 653 136 652 135 650 135 649 135 648 133 647 133 646 133 644 133 643 132 642 132 641 132 639 132 638 132 637 131 636 131 634 131 633 131 632 131 631 131 630 131 628 131 627 131 626 130 625 130 623 130 622 130 621 130 620 130 619 130 617 130 616 130 615 130 614 130 612 130 611 131 610 131 609 131 607 131 606 131 605 131 604 131 603 131 601 131 600 131 599 131 598 131 596 131 595 132 594 132 593 132 592 132 590 132 589 132 588 132 587 132 585 133 584 133 583 133 582 133 580 133 579 133 578 133 577 135 576 135 574 135 573 135 572 135 571 135 569 135 568 136 567 136 566 136 564 136 563 136 562 136 561 137 560 137 558 137 557 137 556 137 555 138 553 138 552 138 551 138 550 138 549 140 547 140 546 140 545 140 544 140 542 140 541 141 540 141 539 141 537 141 536 142 535 142 534 142 533 142 531 142 530 143 529 143 528 143 526 143 525 144 524 144 523 144 521 144 520 146 519 146 518 146 517 146 515 147 514 147 513 147 512 147 510 148 509 148 508 148 507 149 506 149 504 149 503 149 502 151 501 151 499 151 498 152 497 152 496 152 494 152 493 153 492 153 491 153 
369 762 368 762 367 763 366 765 364 766 363 767 362 768 361 770 359 771 358 772 357 773 356 775 354 776 353 777 352 778 351 779 
539 862 540 863 541 863 542 864 544 864 545 865 546 865 547 867 549 867 550 867 551 868 552 868 553 868 555 869 556 869 557 869 558 869 560 869 561 869 562 869 563 869 564 869 566 869 567 869 568 869 569 869 571 869 572 869 573 869 574 869 576 868 577 868 578 868 579 868 580 867 582 867 583 865 584 865 585 864 587 864 588 863 589 863 590 862 592 860 593 860 594 859 595 858 596 857 598 856 599 854 600 853 601 852 603 851 603 849 604 848 604 847 605 846 606 845 606 843 607 842 607 841 607 840 609 838 609 837 609 836 610 835 610 833 610 832 610 831 610 830 610 829 611 827 611 826 611 825 611 824 611 822 611 821 611 820 610 819 610 817 610 816 610 815 610 814 610 813 609 811 609 810 609 809 607 808 607 806 607 805 606 804 606 803 605 802 604 800 604 799 603 798 603 797 601 795 600 794 599 793 598 792 596 790 595 789 594 788 593 787 592 787 590 786 589 784 588 784 587 783 585 783 584 782 583 782 582 781 580 781 579 779 578 779 577 779 576 779 574 778 573 778 572 778 571 778 569 778 568 778 567 778 566 778 564 778 563 778 562 778 561 778 560 778 558 778 557 778 556 778 555 779 553 779 552 779 551 779 550 781 549 781 547 781 546 782 545 782 544 783 542 783 541 784 
518 186 517 186 515 186 514 186 513 186 512 187 510 187 509 187 508 187 507 187 506 187 504 189 503 189 502 189 501 189 499 189 498 189 497 190 496 190 494 190 493 190 492 190 491 191 490 191 488 191 487 191 486 192 485 192 483 192 482 192 481 194 480 194 479 194 477 194 476 195 475 195 474 195 472 196 471 196 470 196 469 196 467 197 466 197 465 197 464 198 463 198 461 198 460 200 459 200 458 200 456 201 455 201 454 202 453 202 451 202 450 203 449 203 448 203 447 205 445 205 444 206 443 206 442 206 440 207 439 207 438 208 437 208 436 210 434 210 433 210 432 211 431 211 429 212 428 212 427 213 426 213 424 214 423 214 422 216 421 217 420 217 418 218 417 218 416 219 415 219 413 221 412 222 411 222 410 223 408 223 407 224 406 225 405 227 404 227 402 228 401 229 400 229 399 230 397 232 396 233 395 234 394 234 393 235 391 237 390 238 389 239 388 240 386 241 385 243 384 244 383 245 381 246 381 248 380 249 379 250 378 251 377 253 377 254 375 255 374 256 374 257 373 259 373 260 372 261 372 262 370 264 370 265 369 266 369 267 369 268 368 270 368 271 367 272 367 273 367 275 367 276 366 277 366 278 366 280 366 281 366 282 366 283 366 284 366 286 366 287 366 288 366 289 366 291 366 292 366 293 366 294 367 296 367 297 367 298 367 299 368 300 368 302 368 303 369 304 369 305 370 307 370 308 372 309 372 310 373 311 373 313 374 314 374 315 375 316 377 318 377 319 378 320 379 321 380 323 380 324 381 325 383 326 384 327 385 329 386 330 388 331 389 332 390 334 391 335 393 336 394 337 395 338 396 338 397 340 399 341 400 342 401 343 402 343 404 345 405 346 406 346 407 347 408 348 410 348 411 350 412 351 413 351 415 352 416 352 417 353 418 353 420 354 421 356 422 356 423 357 424 357 426 358 427 358 428 359 429 359 431 361 432 361 433 362 434 362 436 363 437 363 438 363 439 364 440 364 442 366 443 366 444 367 445 367 447 367 448 368 449 368 450 369 451 369 453 369 454 370 455 370 456 370 458 372 459 372 460 372 461 373 463 373 464 373 465 374 466 374 467 374 469 375 470 375 471 375 472 377 474 377 475 377 476 377 477 378 479 378 480 378 481 379 482 379 483 379 485 379 486 380 487 380 488 380 490 380 491 381 492 381 493 381 494 381 496 381 497 381 498 383 499 383 501 383 502 383 503 383 504 384 506 384 507 384 508 384 509 384 510 385 512 385 513 385 514 385 515 385 517 385 518 385 519 385 520 386 521 386 523 386 524 386 525 386 526 386 528 386 529 386 530 386 531 386 533 386 534 386 535 386 536 386 537 386 539 386 540 386 541 386 542 386 544 386 545 386 546 386 547 386 549 386 550 386 551 386 552 386 553 386 555 386 556 386 557 385 558 385 560 385 561 385 562 385 563 385 564 384 566 384 567 384 568 383 569 383 571 383 572 381 573 381 574 381 576 380 577 380 578 379 579 379 580 378 582 378 583 377 584 375 585 375 587 374 588 373 589 373 590 372 592 370 593 369 594 368 595 368 596 367 598 366 599 364 599 363 600 362 601 361 603 359 604 358 604 357 605 356 606 354 606 353 607 352 609 351 609 350 610 348 610 347 611 346 611 345 612 343 612 342 614 341 614 340 614 338 615 337 615 336 616 335 616 334 616 332 617 331 617 330 617 329 619 327 619 326 619 325 619 324 620 323 620 321 620 320 620 319 621 318 621 316 621 315 621 314 621 313 622 311 622 310 622 309 622 308 622 307 622 305 622 304 623 303 623 302 623 300 623 299 623 298 623 297 623 296 623 294 623 293 623 292 623 291 623 289 623 288 623 287 623 286 623 284 623 283 623 282 623 281 623 280 623 278 623 277 623 276 623 275 623 273 623 272 623 271 623 270 622 268 622 267 622 266 622 265 622 264 622 262 622 261 622 260 621 259 621 257 621 256 621 255 621 254 620 253 620 251 620 250 620 249 619 248 619 246 619 245 619 244 617 243 617 241 617 240 616 239 616 238 616 237 615 235 615 234 614 233 614 232 614 230 612 229 612 228 611 227 611 225 610 224 610 223 609 222 609 221 607 219 606 218 606 217 605 216 604 214 604 213 603 212 601 211 600 210 599 208 598 207 596 206 595 205 594 203 593 202 592 201 590 200 589 198 588 198 587 197 585 196 584 196 583 195 582 195 580 194 579 194 578 192 577 192 576 191 574 191 573 190 572 190 571 189 569 189 568 189 567 189 566 187 564 187 563 187 562 187 561 186 560 186 558 186 557 186 556 186 555 185 553 185 552 185 551 185 550 185 549 185 547 185 546 185 545 185 544 185 542 185 541 185 540 185 539 185 537 185 536 185 535 185 534 185 533 185 531 185 530 185 529 185 528 185 526 185 525 185 524 185 523 185 521 186 520 186 519 186 
519 39 518 39 517 40 515 40 514 41 513 41 512 42 510 44 509 44 508 45 507 45 506 46 504 47 503 47 502 49 501 50 499 50 498 51 497 52 496 54 494 54 493 55 492 56 491 57 490 58 488 58 487 60 486 61 485 62 483 63 482 65 481 66 480 67 479 67 477 68 476 70 475 71 474 72 472 73 471 74 470 76 469 77 467 78 466 79 465 81 464 82 463 83 461 84 461 85 460 87 459 88 458 89 456 90 455 92 454 93 453 94 451 95 450 97 450 98 449 99 448 100 447 101 445 103 444 104 443 105 443 106 442 108 440 109 439 110 438 111 437 112 437 114 436 115 434 116 433 117 433 119 432 120 431 121 429 122 428 124 428 125 427 126 426 127 424 128 424 130 423 131 422 132 421 133 421 135 420 136 418 137 417 138 417 140 416 141 415 142 415 143 413 144 412 146 412 147 411 148 410 149 410 151 408 152 407 153 407 154 406 155 406 157 405 158 404 159 404 160 402 162 402 163 401 164 401 165 400 167 399 168 399 169 397 170 397 171 396 173 396 174 395 175 395 176 394 178 394 179 394 180 393 181 393 183 391 184 391 185 390 186 390 187 390 189 389 190 389 191 388 192 388 194 388 195 386 196 386 197 386 198 
257 198 256 198 255 198 254 198 253 198 251 197 250 197 249 197 248 197 246 197 245 197 244 197 243 197 241 197 240 197 239 196 238 196 237 196 235 196 234 196 233 196 232 196 230 195 229 195 228 195 227 195 225 195 224 195 223 195 222 194 221 194 219 194 218 194 217 194 216 194 214 194 213 192 212 192 211 192 210 192 208 192 207 192 206 191 205 191 203 191 202 191 201 191 200 190 198 190 197 190 196 190 195 190 194 190 192 190 191 189 190 189 189 189 187 189 186 189 185 189 184 189 183 187 181 187 180 187 179 187 178 187 176 187 175 186 174 186 173 186 171 186 170 186 169 186 168 186 167 185 165 185 164 185 163 185 162 185 160 185 159 185 158 185 157 185 155 185 154 184 153 184 152 184 151 184 149 184 148 184 147 184 146 184 144 184 143 184 142 184 141 184 140 184 138 184 137 184 136 184 135 184 133 184 132 184 131 184 130 184 128 184 127 184 126 184 125 184 124 184 122 184 121 184 120 184 119 184 117 184 116 184 115 184 114 185 112 185 111 185 110 185 109 185 108 185 106 185 105 186 104 186 103 186 101 186 100 187 99 187 98 187 97 187 95 189 94 189 93 189 92 189 90 190 89 190 88 191 87 191 85 191 84 192 83 192 82 194 81 194 80 195 79 195 78 196 77 196 75 197 74 197 73 198 72 200 71 200 69 201 68 202 67 203 66 205 64 205 63 206 62 207 61 208 59 210 
340 865 338 867 337 868 337 869 336 870 335 872 335 873 334 874 332 875 331 876 330 878 330 879 329 880 327 881 326 883 325 884 324 885 323 886 321 886 320 888 319 889 318 890 316 891 315 891 314 892 313 894 311 894 310 895 309 896 308 896 307 897 305 897 304 899 303 899 302 900 300 900 299 901 298 901 297 902 296 902 294 903 293 903 292 903 291 905 289 905 288 906 287 906 286 906 284 907 283 907 282 907 281 908 280 908 278 908 277 908 276 910 275 910 273 910 272 910 271 911 270 911 268 911 267 911 266 912 265 912 264 912 262 912 261 912 260 912 259 913 257 913 256 913 255 913 254 913 253 913 251 913 250 913 249 913 248 913 246 913 245 913 244 913 243 913 241 913 240 913 239 913 238 913 237 913 235 913 234 913 233 913 232 913 230 913 229 913 228 913 227 913 225 913 224 913 223 913 222 913 221 913 219 913 218 913 217 913 216 913 214 913 213 913 212 913 211 913 210 913 208 913 207 913 206 913 205 913 203 913 202 915 201 915 200 915 198 915 197 915 196 915 195 915 194 915 192 915 191 916 190 916 189 916 187 916 186 916 185 916 184 917 183 917 181 917 180 917 179 917 178 918 176 918 175 918 174 918 173 918 171 918 170 919 169 919 168 919 167 919 165 921 164 921 163 921 162 921 160 922 159 922 158 922 157 922 155 923 154 923 153 923 152 923 151 923 149 923 148 923 147 923 146 923 144 923 143 924 142 924 141 924 140 924 138 924 137 924 136 924 135 924 133 924 132 924 131 924 130 924 128 923 127 923 126 923 125 923 124 923 122 923 121 923 120 923 119 923 117 923 116 922 115 922 114 922 112 922 111 922 110 921 109 921 108 921 106 921 105 919 104 919 103 919 101 919 100 918 99 918 98 918 97 917 95 917 94 917 93 916 92 916 90 916 89 915 88 915 87 913 85 913 84 912 83 912 82 912 81 911 80 911 79 910 78 910 77 908 75 908 74 907 73 906 72 906 71 905 69 905 68 903 67 902 66 902 64 901 63 900 62 899 61 897 59 897 58 896 57 895 56 894 55 892 55 891 53 890 52 889 51 888 50 886 50 885 48 884 47 883 46 881 46 880 45 879 43 878 43 876 42 875 42 874 41 873 41 872 40 870 39 869 39 868 37 867 37 865 37 864 36 863 36 862 35 860 35 859 35 858 34 857 34 856 34 854 32 853 32 852 32 851 31 849 31 848 31 847 31 846 30 845 30 843 30 842 30 841 30 840 30 838 
777 108 777 106 778 105 779 104 779 103 781 101 782 100 783 99 784 98 786 97 787 97 788 95 789 95 790 95 792 97 793 97 794 98 795 98 797 99 798 100 798 101 799 103 800 104 800 105 802 106 802 108 803 109 803 110 804 111 804 112 805 114 805 115 805 116 806 117 806 119 806 120 808 121 808 122 808 124 808 125 809 126 809 127 809 128 809 130 810 131 810 132 810 133 810 135 810 136 811 137 811 138 811 140 811 141 811 142 811 143 813 144 813 146 813 147 813 148 813 149 813 151 813 152 814 153 814 154 814 155 814 157 814 158 814 159 814 160 814 162 814 163 814 164 814 165 814 167 814 168 814 169 814 170 814 171 814 173 814 174 814 175 814 176 814 178 814 179 815 180 815 181 815 183 815 184 815 185 815 186 815 187 815 189 815 190 815 191 814 192 814 194 814 195 814 196 814 197 814 198 814 200 814 201 814 202 814 203 814 205 814 206 814 207 814 208 814 210 814 211 814 212 814 213 814 214 814 216 814 217 814 218 813 219 813 221 813 222 813 223 813 224 813 225 813 227 811 228 811 229 811 230 811 232 811 233 811 234 810 235 810 237 810 238 810 239 810 240 809 241 809 243 809 244 809 245 808 246 808 248 808 249 808 250 806 251 806 253 806 254 805 255 805 256 804 257 804 259 804 260 803 261 803 262 802 264 802 265 800 266 800 267 799 268 798 270 797 271 795 272 794 273 793 275 792 275 790 275 789 275 788 275 787 275 786 273 784 273 783 272 782 271 781 270 779 270 778 268 777 268 776 268 775 268 773 268 772 268 771 268 770 268 768 267 767 267 766 267 765 267 763 267 762 267 761 267 760 267 759 267 757 267 756 266 755 266 754 266 752 266 751 266 750 266 749 265 747 265 746 265 745 265 744 265 743 265 741 264 740 264 739 264 738 264 736 264 735 264 734 262 733 262 732 262 730 262 729 262 728 262 727 262 725 261 724 261 723 261 722 261 720 261 719 260 718 260 717 260 716 260 714 259 713 259 712 259 711 259 
777 465 778 466 778 467 779 469 781 470 782 471 782 472 783 474 784 474 786 475 787 475 788 476 789 476 790 476 792 475 793 475 794 474 795 474 797 472 798 471 799 470 799 469 800 467 800 466 802 465 803 464 803 463 803 461 804 460 804 459 805 458 805 456 805 455 806 454 806 453 806 451 808 450 808 449 808 448 809 447 809 445 809 444 809 443 809 442 810 440 810 439 810 438 810 437 810 436 811 434 811 433 811 432 811 431 811 429 811 428 813 427 813 426 813 424 813 423 813 422 813 421 813 420 814 418 814 417 814 416 814 415 814 413 814 412 814 411 814 410 814 408 814 407 814 406 814 405 814 404 814 402 814 401 814 400 814 399 814 397 814 396 814 395 814 394 814 393 815 391 815 390 815 389 815 388 815 386 815 385 815 384 815 383 815 381 815 380 814 379 814 378 814 377 814 375 814 374 814 373 814 372 814 370 814 369 814 368 814 367 814 366 814 364 814 363 814 362 814 361 814 359 814 358 814 357 814 356 814 354 814 353 813 352 813 351 813 350 813 348 813 347 813 346 813 345 811 343 811 342 811 341 811 340 811 338 810 337 810 336 810 335 810 334 810 332 809 331 809 330 809 329 809 327 809 326 808 325 808 324 808 323 806 321 806 320 806 319 805 318 805 316 805 315 804 314 804 313 804 311 803 310 803 309 802 308 802 307 800 305 800 304 799 303 798 302 797 300 795 299 794 298 793 298 792 297 790 297 789 297 788 297 787 297 786 298 784 298 783 299 782 300 781 302 779 302 778 303 777 303 776 303 775 303 773 303 772 303 771 303 770 303 768 304 767 304 766 304 765 304 763 304 762 304 761 304 760 304 759 305 757 305 756 305 755 305 754 305 752 305 751 305 750 307 749 307 747 307 746 307 745 307 744 307 743 307 741 308 740 308 739 308 738 308 736 308 735 308 734 309 733 309 732 309 730 309 729 309 728 310 727 310 725 310 724 310 723 310 722 311 720 311 719 311 718 311 717 311 716 313 714 313 713 313 712 313 711 313 
342 240 342 241 343 243 343 244 343 245 345 246 345 248 345 249 346 250 346 251 346 253 346 254 347 255 347 256 347 257 347 259 347 260 347 261 348 262 348 264 348 265 348 266 348 267 348 268 348 270 348 271 350 272 350 273 350 275 350 276 350 277 350 278 350 280 350 281 350 282 350 283 350 284 350 286 350 287 350 288 350 289 350 291 350 292 350 293 350 294 350 296 350 297 350 298 350 299 348 300 348 302 348 303 348 304 348 305 348 307 348 308 348 309 348 310 347 311 347 313 347 314 347 315 347 316 346 318 346 319 346 320 346 321 345 323 345 324 345 325 345 326 343 327 343 329 343 330 343 331 
386 200 385 201 384 202 383 203 381 203 380 205 379 206 378 206 377 207 375 208 374 210 373 210 372 211 370 212 369 213 368 214 367 214 366 216 364 217 363 218 362 219 361 221 359 222 358 223 357 224 356 225 354 227 353 228 352 229 351 230 350 232 348 233 348 234 347 235 346 237 345 238 
775 463 773 463 772 463 771 463 770 463 768 461 767 461 766 461 765 461 763 461 762 460 761 460 760 460 759 460 757 459 756 459 755 459 754 459 752 458 751 458 750 458 749 456 747 456 746 456 745 456 744 455 743 455 741 455 740 454 739 454 738 454 736 454 735 453 734 453 733 453 732 451 730 451 729 451 728 450 727 450 725 450 724 449 723 449 722 449 720 449 719 448 718 448 717 447 716 447 714 447 713 445 712 445 711 445 709 444 708 444 707 444 706 443 705 443 703 442 702 442 701 442 700 440 698 440 697 439 696 439 695 439 693 438 692 438 691 437 690 437 689 437 687 436 686 436 685 434 684 434 682 433 681 433 680 433 679 432 677 432 676 431 675 431 674 429 673 429 671 429 670 428 
815 852 815 853 815 854 815 856 814 857 814 858 814 859 814 860 814 862 814 863 814 864 814 865 814 867 814 868 814 869 813 870 813 872 813 873 813 874 813 875 811 876 811 878 811 879 811 880 811 881 810 883 810 884 810 885 810 886 809 888 809 889 809 890 809 891 808 892 808 894 808 895 806 896 806 897 805 899 805 900 805 901 804 902 804 903 803 905 803 906 802 907 800 908 800 910 799 911 798 912 797 913 795 913 794 915 793 915 792 915 790 915 789 915 788 915 787 915 786 913 784 913 783 913 782 913 781 913 779 913 778 913 777 913 776 913 775 912 773 912 772 912 771 912 770 912 768 912 767 911 766 911 765 911 763 911 762 911 761 911 760 910 759 910 757 910 756 910 755 910 754 908 752 908 751 908 750 908 749 908 747 908 746 907 745 907 744 907 743 907 741 906 740 906 739 906 738 906 736 906 735 905 734 905 733 905 732 905 730 903 729 903 728 903 727 903 725 902 724 902 723 902 722 902 720 901 719 901 718 901 717 900 716 900 714 900 713 899 712 899 711 899 709 899 708 897 707 897 706 897 705 896 703 896 702 895 701 895 700 895 698 894 697 894 696 894 695 892 693 892 
619 695 617 695 616 696 615 697 614 697 612 698 611 698 610 700 609 700 607 700 606 701 605 701 604 702 603 702 601 703 600 703 599 703 598 705 596 705 595 706 594 706 593 707 592 707 590 707 589 708 588 708 587 709 585 709 584 711 583 711 582 711 580 712 579 712 578 713 577 713 576 713 574 714 573 714 572 716 571 716 569 716 568 717 567 717 566 718 564 718 563 718 562 719 561 719 560 719 558 720 557 720 556 720 555 722 553 722 552 722 551 723 550 723 549 723 547 724 546 724 545 724 544 725 542 725 541 725 540 725 539 727 537 727 536 727 535 727 534 728 533 728 531 728 530 728 529 729 528 729 526 729 525 729 524 730 523 730 521 730 520 730 519 730 518 732 517 732 515 732 514 732 513 732 512 733 510 733 509 733 508 733 507 734 506 734 504 734 503 734 502 734 501 735 499 735 498 735 497 735 496 735 494 736 493 736 492 736 491 736 490 736 488 736 487 738 486 738 485 738 483 738 482 738 481 739 480 739 479 739 477 739 476 739 475 740 474 740 472 740 471 740 470 740 469 740 467 741 466 741 465 741 464 741 463 741 461 741 460 743 459 743 458 743 456 743 455 743 454 744 453 744 451 744 450 744 449 744 448 745 447 745 445 745 444 745 443 745 442 746 440 746 439 746 438 746 437 746 436 746 434 747 433 747 432 747 431 747 429 749 428 749 427 749 426 749 424 749 423 750 422 750 421 750 420 750 418 751 417 751 416 751 415 751 413 751 412 751 411 752 410 752 408 752 407 752 406 754 405 754 404 754 402 754 401 755 400 755 399 755 397 755 396 755 395 756 394 756 393 756 391 756 390 757 389 757 388 757 386 757 385 759 384 759 383 759 381 760 380 760 379 760 378 761 377 761 375 761 374 761 373 762 372 762 
57 363 56 364 55 366 55 367 53 368 52 369 52 370 51 372 50 373 48 374 47 375 46 377 45 378 43 379 42 379 41 380 40 381 39 381 37 381 36 383 35 383 34 383 32 383 31 383 30 381 29 381 28 381 26 381 25 380 24 380 23 379 21 379 20 378 19 377 18 377 16 375 15 374 14 373 13 372 12 370 10 369 9 368 8 367 8 366 7 364 5 363 5 362 4 361 4 359 3 358 3 357 3 356 3 354 2 353 2 352 
340 808 338 808 337 808 336 808 335 806 334 806 332 806 331 806 330 806 329 806 327 806 326 806 325 806 324 806 323 806 321 806 320 806 319 806 318 806 316 806 315 806 314 806 313 806 311 808 310 808 309 808 308 808 307 808 305 809 304 809 303 809 302 809 300 809 299 810 298 810 297 810 296 810 294 811 293 811 292 811 291 811 289 811 288 811 287 811 286 811 284 811 283 811 282 811 281 811 280 811 278 810 277 810 276 810 275 810 273 809 272 809 271 808 270 808 268 806 267 806 266 805 265 805 264 804 262 803 261 803 260 802 259 800 257 799 256 798 255 797 254 795 253 794 251 793 250 792 250 790 249 789 248 788 246 787 246 786 245 784 244 783 243 782 243 781 241 779 240 778 240 777 239 776 238 775 238 773 237 772 235 771 234 770 234 768 233 767 232 766 230 765 230 763 229 762 228 761 227 760 227 759 225 757 224 756 223 755 222 754 222 752 221 751 219 750 218 749 217 747 216 746 216 745 214 744 213 743 
238 700 238 698 238 697 238 696 238 695 239 693 239 692 239 691 240 690 240 689 241 687 243 686 244 685 245 685 246 684 248 684 249 684 250 684 251 684 253 684 254 684 255 684 256 685 257 685 259 686 260 687 261 689 262 690 264 691 264 692 265 693 
775 762 775 761 776 760 776 759 777 757 777 756 777 755 778 754 778 752 779 751 781 750 781 749 782 747 783 746 783 745 784 744 786 744 787 743 788 741 789 741 790 741 792 741 793 741 794 741 795 743 797 743 798 744 799 745 799 746 800 747 802 749 802 750 803 751 804 752 804 754 805 755 805 756 805 757 806 759 806 760 808 761 808 762 808 763 809 765 809 766 809 767 809 768 810 770 810 771 810 772 810 773 811 775 811 776 811 777 811 778 811 779 813 781 813 782 813 783 813 784 813 786 814 787 814 788 814 789 814 790 814 792 814 793 814 794 814 795 814 797 814 798 814 799 815 800 815 802 815 803 815 804 
26 821 25 821 24 821 23 821 21 821 20 821 19 821 18 822 16 822 15 822 14 822 13 822 12 824 10 824 9 824 8 825 7 825 5 825 4 826 3 826 2 827 
350 781 350 782 348 783 348 784 348 786 348 787 348 788 348 789 347 790 347 792 347 793 347 794 347 795 346 797 346 798 346 799 345 800 345 802 345 803 343 804 343 805 342 806 
560 481 558 482 558 483 557 485 556 486 555 487 555 488 553 490 552 491 551 492 551 493 550 494 549 496 547 497 547 498 546 499 545 501 544 502 542 503 542 504 541 506 540 507 539 508 539 509 537 510 536 512 535 513 535 514 534 515 533 517 531 518 531 519 530 520 529 521 528 523 528 524 526 525 525 526 524 528 524 529 523 530 521 531 520 533 
773 763 772 763 771 763 770 765 768 765 767 765 766 765 765 765 763 766 762 766 761 766 760 766 759 767 757 767 756 767 755 767 754 768 752 768 751 768 750 768 749 770 747 770 746 770 745 771 744 771 743 771 741 771 740 772 739 772 738 772 736 773 735 773 734 773 733 775 732 775 730 775 729 776 728 776 727 776 725 777 724 777 723 777 722 778 720 778 719 778 718 779 717 779 716 779 714 781 713 781 712 782 711 782 709 782 708 783 707 783 706 783 705 783 
386 372 385 370 384 370 383 369 381 368 380 367 379 367 378 366 377 364 375 363 374 363 373 362 372 361 370 359 369 359 368 358 367 357 366 356 364 354 363 353 362 352 361 351 359 350 358 348 357 347 356 346 354 345 353 343 352 342 351 341 350 340 348 338 347 337 347 336 346 335 345 334 343 332 
490 153 488 154 487 154 486 154 485 155 483 155 482 155 481 157 480 157 479 158 477 158 476 158 475 159 474 159 472 159 471 160 470 160 469 160 467 162 466 162 465 162 464 163 463 163 461 163 460 164 459 164 458 165 456 165 455 165 454 167 453 167 451 168 450 168 449 168 448 169 447 169 445 170 444 170 443 170 442 171 440 171 439 173 438 173 437 174 436 174 434 174 433 175 432 175 431 176 429 176 428 178 427 178 426 179 424 179 423 180 422 180 421 181 420 181 418 183 417 183 416 184 415 184 413 185 412 185 411 186 410 186 408 187 407 187 406 189 405 189 404 190 402 190 401 191 400 192 399 192 397 194 396 194 395 195 394 196 393 196 391 197 390 197 389 198 388 198 
386 373 386 374 386 375 388 377 388 378 388 379 389 380 389 381 390 383 390 384 390 385 391 386 391 388 393 389 393 390 393 391 394 393 394 394 395 395 395 396 396 397 396 399 397 400 397 401 399 402 399 404 400 405 400 406 401 407 402 408 402 410 404 411 404 412 405 413 405 415 406 416 407 417 407 418 408 420 410 421 410 422 411 423 411 424 412 426 413 427 415 428 415 429 416 431 417 432 417 433 418 434 420 436 421 437 421 438 422 439 423 440 424 442 424 443 426 444 427 445 428 447 428 448 429 449 431 450 432 451 432 453 433 454 434 455 436 456 437 458 437 459 438 460 439 461 440 463 442 464 442 465 443 466 444 467 445 469 447 470 448 471 449 472 449 474 450 475 451 476 453 477 454 479 455 480 456 481 458 482 458 483 459 485 460 486 461 487 463 488 464 490 465 491 466 492 467 493 469 494 470 496 471 497 472 498 474 499 475 501 476 502 477 503 479 504 480 506 481 507 482 507 483 508 485 509 486 510 487 512 488 513 490 514 491 514 492 515 493 517 494 518 496 518 497 519 498 520 499 521 501 521 502 523 503 524 504 524 506 525 507 526 508 526 509 528 510 529 512 529 513 530 514 530 515 531 517 531 518 533 519 533 
665 929 664 929 663 930 662 932 660 932 659 933 658 934 657 934 655 935 654 935 653 937 652 938 650 938 649 939 648 939 647 940 646 940 644 942 643 942 642 942 641 943 639 943 638 944 637 944 636 944 634 945 633 945 632 945 631 945 630 946 628 946 627 946 626 946 625 948 623 948 622 948 621 948 620 948 619 949 617 949 616 949 615 949 614 949 612 949 611 950 610 950 609 950 607 950 606 950 605 950 604 950 603 950 601 950 600 951 599 951 598 951 
776 109 775 109 773 109 772 109 771 109 770 110 768 110 767 110 766 110 765 110 763 110 762 111 761 111 760 111 759 111 757 112 756 112 755 112 754 114 752 114 751 114 750 114 749 115 747 115 746 115 745 116 744 116 743 116 741 116 740 117 739 117 738 117 736 119 735 119 734 119 733 120 732 120 730 120 729 120 728 121 727 121 725 121 724 122 723 122 722 122 720 124 719 124 718 124 717 125 716 125 714 125 713 126 712 126 711 126 709 127 708 127 707 128 706 128 705 128 703 130 702 130 701 130 700 131 698 131 697 132 696 132 695 133 693 133 692 133 691 135 690 135 689 136 687 136 686 136 685 137 684 137 682 138 681 138 680 140 679 140 677 140 676 141 675 141 674 142 673 142 671 143 670 143 
598 953 598 954 598 955 598 956 598 958 598 959 598 960 599 961 599 962 599 964 600 965 600 966 600 967 601 969 601 970 603 971 604 972 604 973 605 975 606 976 607 977 609 978 610 980 611 981 612 982 614 982 615 983 616 985 617 985 619 986 620 986 621 987 622 987 623 987 625 987 626 988 
709 259 709 260 709 261 709 262 709 264 709 265 709 266 709 267 709 268 709 270 711 271 711 272 711 273 711 275 711 276 711 277 711 278 711 280 711 281 711 282 711 283 711 284 711 286 711 287 711 288 711 289 711 291 711 292 711 293 711 294 711 296 711 297 711 298 711 299 711 300 709 302 709 303 709 304 709 305 709 307 709 308 709 309 709 310 709 311 709 313 
32 253 31 251 30 251 29 251 28 251 26 250 25 250 24 250 23 249 21 249 20 248 19 248 18 248 16 246 15 246 14 245 13 245 12 244 10 243 9 243 8 241 7 240 5 239 4 238 3 237 3 235 2 234 
31 320 30 320 29 320 28 321 26 321 25 321 24 323 23 323 21 323 20 324 19 324 18 325 16 325 15 326 14 326 13 327 12 327 10 329 9 329 8 330 7 331 5 332 4 334 3 335 3 336 2 337 
666 930 668 932 668 933 669 934 670 935 670 937 670 938 671 939 671 940 671 942 673 943 673 944 673 945 673 946 673 948 673 949 673 950 673 951 673 953 673 954 673 955 673 956 673 958 673 959 673 960 671 961 671 962 671 964 670 965 670 966 670 967 669 969 668 970 668 971 666 972 666 973 665 975 664 976 663 977 662 978 660 980 659 981 658 982 657 982 655 983 654 985 653 985 652 986 650 986 649 987 648 987 647 987 646 987 644 988 
692 892 691 891 690 891 689 890 687 890 686 890 685 889 684 889 682 888 681 888 680 886 679 886 677 885 676 885 675 884 674 884 673 883 671 881 670 880 670 879 669 878 669 876 668 875 668 874 668 873 666 872 666 870 666 869 665 868 665 867 665 865 664 864 664 863 664 862 664 860 664 859 663 858 663 857 663 856 663 854 663 853 663 852 663 851 663 849 663 848 663 847 663 846 663 845 663 843 663 842 663 841 663 840 663 838 664 837 664 836 664 835 664 833 665 832 665 831 665 830 665 829 666 827 666 826 666 825 668 824 668 822 668 821 669 820 669 819 670 817 670 816 671 815 671 814 673 813 673 811 674 810 674 809 675 808 675 806 676 805 677 804 677 803 679 802 680 800 681 799 681 798 682 797 684 795 685 794 686 793 687 792 689 790 690 790 691 789 692 789 693 788 695 788 696 787 697 787 698 787 700 786 701 786 702 784 
692 894 692 895 691 896 691 897 690 899 690 900 689 901 687 902 687 903 686 905 686 906 685 907 684 908 682 910 682 911 681 912 680 913 679 915 677 916 677 917 676 918 675 919 674 921 673 922 671 923 670 924 669 926 668 927 666 928 
57 208 56 207 55 206 55 205 53 203 52 202 52 201 51 200 50 198 48 197 47 196 46 195 45 194 43 192 42 192 41 191 40 190 39 190 37 190 36 190 35 189 34 189 32 189 31 189 30 190 29 190 28 190 26 191 25 191 24 192 23 192 21 194 20 194 19 195 18 196 16 196 15 197 14 198 13 200 12 201 10 202 9 203 9 205 8 206 7 207 7 208 5 210 4 211 4 212 4 213 3 214 3 216 3 217 2 218 2 219 
537 860 536 862 535 862 534 862 533 862 531 862 530 862 529 862 528 862 526 862 525 862 524 862 523 862 521 862 520 862 519 862 518 862 517 862 515 862 514 862 513 862 512 862 510 862 509 862 508 862 507 862 506 862 504 862 503 862 502 862 501 862 499 862 498 862 497 862 496 862 494 862 493 862 492 862 491 862 490 862 488 860 487 860 486 860 485 860 483 860 482 860 481 860 480 860 479 860 477 860 476 860 475 860 474 860 472 859 471 859 470 859 469 859 467 859 466 859 465 859 464 859 463 859 461 858 460 858 459 858 458 858 456 858 455 858 454 858 453 857 451 857 450 857 449 857 448 857 447 857 445 856 444 856 443 856 442 856 440 856 439 854 438 854 437 854 436 854 434 854 433 854 432 853 431 853 429 853 428 853 427 853 426 852 424 852 423 852 422 852 421 851 420 851 418 851 417 851 416 849 415 849 413 849 412 849 411 848 410 848 408 848 407 848 406 847 405 847 404 846 402 846 401 846 400 845 399 845 397 843 396 843 395 842 394 842 393 841 391 840 390 838 389 837 388 836 386 835 386 833 386 832 385 831 385 830 385 829 385 827 385 826 384 825 384 824 384 822 385 821 385 820 385 819 385 817 385 816 386 815 386 814 386 813 388 811 389 810 390 809 391 808 393 806 394 805 395 805 396 804 397 804 399 803 400 803 401 802 402 802 404 802 405 800 406 800 407 800 408 799 410 799 411 799 412 798 413 798 415 798 416 798 417 797 418 797 420 797 421 797 422 795 423 795 424 795 426 795 427 795 428 794 429 794 431 794 432 794 433 794 434 793 436 793 437 793 438 793 439 792 440 792 442 792 443 792 444 792 445 792 447 790 448 790 449 790 450 790 451 790 453 790 454 790 455 789 456 789 458 789 459 789 460 789 461 789 463 789 464 788 465 788 466 788 467 788 469 788 470 788 471 788 472 788 474 787 475 787 476 787 477 787 479 787 480 787 481 787 482 787 483 787 485 787 486 787 487 786 488 786 490 786 491 786 492 786 493 786 494 786 496 786 497 786 498 786 499 786 501 786 502 786 503 786 504 786 506 786 507 786 508 786 509 786 510 786 512 786 513 786 514 786 515 786 517 786 518 786 519 786 520 786 521 786 523 786 524 786 525 786 526 786 528 786 529 786 530 786 531 786 533 786 534 786 535 786 536 786 537 786 
557 477 556 476 555 476 553 475 552 474 551 472 550 471 549 470 547 469 546 467 545 466 544 465 542 464 541 463 540 463 539 461 537 460 536 459 535 458 534 456 533 455 531 454 530 454 529 453 528 451 526 450 525 449 524 448 523 447 521 447 520 445 519 444 518 443 517 442 515 440 514 439 513 439 512 438 510 437 509 436 508 434 507 433 506 432 504 432 503 431 502 429 501 428 499 427 498 427 497 426 496 424 494 423 493 422 492 421 491 420 
57 212 56 213 55 214 53 216 52 217 52 218 51 219 50 221 48 222 48 223 47 224 46 225 46 227 45 228 45 229 43 230 43 232 42 233 42 234 41 235 41 237 40 238 40 239 39 240 39 241 37 243 37 244 37 245 36 246 36 248 36 249 35 250 35 251 34 253 
56 831 55 832 53 833 52 835 51 835 50 835 48 836 47 836 46 836 45 837 43 837 42 837 41 837 40 837 39 837 37 837 36 837 35 837 34 837 32 837 31 837 
709 314 708 315 708 316 708 318 708 319 708 320 708 321 707 323 707 324 707 325 707 326 707 327 707 329 707 330 706 331 706 332 706 334 706 335 706 336 706 337 705 338 705 340 705 341 705 342 705 343 703 345 703 346 703 347 703 348 702 350 702 351 702 352 702 353 702 354 701 356 701 357 701 358 701 359 700 361 700 362 700 363 700 364 698 366 698 367 698 368 697 369 697 370 697 372 697 373 696 374 696 375 696 377 695 378 695 379 695 380 693 381 693 383 693 384 692 385 692 386 692 388 691 389 691 390 691 391 690 393 690 394 689 395 689 396 687 397 687 399 687 400 686 401 686 402 685 404 685 405 684 406 684 407 682 408 681 410 681 411 680 412 680 413 679 415 677 416 677 417 676 418 675 420 674 421 673 422 671 423 670 424 670 426 669 427 
670 147 671 148 673 149 674 151 675 152 676 153 676 154 677 155 679 157 680 158 680 159 681 160 681 162 682 163 682 164 684 165 685 167 685 168 686 169 686 170 686 171 687 173 687 174 689 175 689 176 690 178 690 179 690 180 691 181 691 183 692 184 692 185 692 186 693 187 693 189 693 190 695 191 695 192 695 194 696 195 696 196 696 197 697 198 697 200 697 201 697 202 698 203 698 205 698 206 700 207 700 208 700 210 700 211 701 212 701 213 701 214 701 216 702 217 702 218 702 219 702 221 702 222 703 223 703 224 703 225 703 227 705 228 705 229 705 230 705 232 705 233 706 234 706 235 706 237 706 238 706 239 706 240 707 241 707 243 707 244 707 245 707 246 707 248 707 249 708 250 708 251 708 253 708 254 708 255 708 256 709 257 
248 267 246 267 245 267 244 268 243 268 241 270 241 271 240 272 240 273 240 275 240 276 239 277 239 278 239 280 239 281 239 282 239 283 239 284 239 286 239 287 239 288 239 289 239 291 239 292 239 293 239 294 239 296 240 297 240 298 240 299 241 300 241 302 243 303 244 303 245 304 246 304 248 305 249 305 250 304 251 304 253 304 254 303 255 303 256 302 257 300 259 299 260 298 261 297 262 296 262 294 264 293 264 292 264 291 265 289 265 288 265 287 265 286 265 284 265 283 265 282 264 281 264 280 264 278 262 277 262 276 261 275 260 273 259 272 257 271 256 270 255 268 254 268 253 267 251 267 250 267 249 267 
264 695 262 696 261 696 260 697 259 697 257 697 256 698 255 698 254 698 253 700 251 700 250 700 249 700 248 701 246 701 245 701 244 701 243 701 241 701 240 701 239 701 
55 826 53 825 52 825 51 824 50 824 48 824 47 822 46 822 45 822 43 821 42 821 41 821 40 821 39 821 37 821 36 821 35 821 34 821 32 821 31 821 30 820 
35 321 36 323 36 324 36 325 37 326 37 327 37 329 39 330 39 331 40 332 40 334 41 335 41 336 41 337 42 338 42 340 43 341 45 342 45 343 46 345 46 346 47 347 48 348 48 350 50 351 51 352 52 353 52 354 53 356 55 357 56 358 57 359 57 361 
341 810 341 811 342 813 342 814 342 815 342 816 342 817 342 819 342 820 342 821 342 822 342 824 342 825 342 826 342 827 342 829 342 830 342 831 342 832 342 833 342 835 342 836 342 837 342 838 342 840 342 841 342 842 342 843 342 845 342 846 342 847 342 848 342 849 342 851 342 852 342 853 341 854 341 856 341 857 341 858 341 859 341 860 341 862 341 863 

